1.002429505718931274e-01
4.422387011293608949e-02
7.510252728117206011e-02
8.236167708665662057e-02
1.091018994033935707e-01
7.927059636147726351e-02
1.129083219374664715e-01
1.091292192423518603e-01
8.910513506503914272e-02
5.542006653147001777e-02
8.442581241020116756e-02
8.078053853960270869e-02
7.512420211358425415e-02
8.052980650384827799e-02
8.920843313900880811e-02
1.216976107392208351e-01
9.304863570941374062e-02
1.001109508453716657e-01
1.175477623055783960e-01
1.423422581760800942e-01
1.064567605681737000e-01
1.222584321101241184e-01
3.832432736068311363e-02
6.957234368100206900e-02
6.720865964075575794e-02
1.121183941825341229e-01
7.701296184791725508e-02
8.184424952714070001e-02
1.399089839657851886e-01
6.888460541517905933e-02
1.158119759896085038e-01
1.247427108805968798e-01
1.240736845480796130e-01
1.224739584880268767e-01
1.192064674000387070e-01
1.142554918503393135e-01
1.124582994282802006e-01
3.874218736540253893e-02
7.326218502796495724e-02
1.152740266226752741e-01
9.814535102321982063e-02
1.230705494072479034e-01
1.485112345581659221e-01
6.405938612945077937e-02
9.906443208036487535e-02
1.380490575550740173e-01
7.186227777461157151e-02
6.476546511435302134e-02
1.155265622517850505e-01
1.173743058729468935e-01
1.356696142036911135e-01
1.024136246029038189e-01
9.017713123881704318e-02
1.433743458353007594e-01
1.187985145045616642e-01
1.348672388781728959e-01
1.180026520618525226e-01
1.190763719816688715e-01
9.045383735341136489e-02
9.051121050190460982e-02
1.427725137328627880e-01
1.091594649886687279e-01
1.033430803975959045e-01
1.051144124216026876e-01
8.157291834392388363e-02
8.827923350933761237e-02
9.070004526098351949e-02
1.203786626921042602e-01
1.223866134161120389e-01
1.260269416650921237e-01
6.155550662981990745e-02
8.192810291860119776e-02
3.213162059143413740e-02
4.610176019521523144e-02
1.188918166601604515e-01
8.934574147742566086e-02
5.994573772375610954e-02
1.199489794243198681e-01
8.945888481711987417e-02
7.270522972847402732e-02
1.051608268759239295e-01
8.484560618229028406e-02
8.066970466344428048e-02
8.447568058039606198e-02
1.593403505322181224e-01
1.014524594357174431e-01
6.340351117632853084e-02
8.935372637963831521e-02
1.248491745257514912e-01
1.602194832655676471e-01
8.003396474257029602e-02
1.192837918890411464e-01
1.231353923949927986e-01
1.595869145812587875e-01
1.014397242369085850e-01
9.631306957440288752e-02
1.312109057073255203e-01
8.533384236181255911e-02
7.393890059323281194e-02
6.172683605258905137e-02
