7.980122535196114697e-01
1.303235057922667028e+00
1.335185597910597766e+00
9.622491698855979436e-01
7.703941753447095531e-01
1.109488704933274672e+00
8.653711738593323766e-01
7.833889667909224030e-01
1.542452129400023519e+00
1.168785257597730887e+00
1.140133089885728701e+00
1.099805115407197054e+00
1.404068607321057982e+00
1.247721458884680779e+00
1.115413017942689322e+00
5.980309172626101510e-01
1.008481389516662441e+00
7.740805498514740091e-01
8.286442175822964495e-01
8.530322105544666522e-01
8.885755074319940938e-01
5.822046458720917528e-01
8.691395089602199642e-01
1.375620562692554394e+00
1.186627726900544300e+00
1.256110365146827057e+00
6.890896220755096113e-01
1.371215384830865025e+00
7.553046368837611491e-01
1.652463976299715753e+00
5.834947152278879834e-01
1.443517825668566568e+00
9.104902369254820327e-01
1.269190685042984379e+00
1.065156708578428590e+00
9.406101524479494325e-01
1.312860319403351017e+00
9.525585458196498267e-01
4.045018602903691640e-01
1.273844392101858292e+00
1.285853461354161453e+00
1.066865492317119024e+00
5.613260300786697687e-01
1.568395070285297788e+00
7.065705642109472162e-01
9.209118753405960422e-01
1.185072206324757849e+00
1.201161381580638121e+00
9.660245136442489056e-01
9.746945069802116501e-01
1.424367353893847721e+00
9.033602748625045864e-01
9.924386777837510554e-01
1.096238976649009489e+00
1.207023153631649581e+00
8.575343258141377989e-01
1.088740885880736808e+00
1.260387574901222996e+00
1.359491154325917162e+00
7.588340317311472738e-01
1.189294971972445047e+00
7.391620648280659012e-01
8.300186052210793974e-01
1.245109349731701176e+00
6.940491977215961228e-01
7.729318364066071201e-01
1.248229262161925313e+00
6.989060159837339192e-01
1.283172629804660403e+00
9.986151537923517729e-01
9.366110860782984604e-01
8.420407501511388837e-01
1.028486800553273683e+00
1.534364192168494068e+00
1.365462440423096613e+00
7.375159412890999189e-01
1.049006856713509350e+00
7.104836429635228434e-01
1.045344625566253516e+00
1.272205572705881416e+00
1.525106815294098972e+00
6.980978132040678297e-01
1.109455625416945646e+00
9.219665680877559000e-01
1.208257650857253340e+00
1.138836576074833573e+00
9.748717556792646510e-01
1.006290856539685974e+00
1.031329956343323584e+00
8.491904142569569602e-01
1.408163091933271716e+00
1.242472649950188135e+00
9.059934427561177062e-01
1.134160861832198774e+00
8.912612820475268594e-01
8.496086558934679012e-01
1.324007501141711174e+00
1.505232488574005156e+00
7.218629580219044772e-01
1.310876988188512726e+00
